# euroc yaml file

cam0:
  T_cam_imu:
    [1, 0, 0, 0.1656622890941122,
    0, 0, -1, -0.02204373277280234,
    0, 1, 0, -0.328,
    0,0,0, 1.000000000000000]
  camera_model: pinhole
  distortion_coeffs: [-0.3943, 0.1904, 0, 0]
  distortion_model: radtan
  intrinsics: [264.486288641607, 263.646536660957, 180.119700596749, 137.950999364093]
  resolution: [346, 260]
  #timeshift_cam_imu: 0.026
  timeshift_cam_imu: 0
cam1:
  # T_cam_imu:
  #   [1, 0, 0, 0.3,
  #   0, 0, 1, 0.09334084007407046,
  #    0, -1,0, -0.03521256998361518,
  #                    0,                   0,                   0,   1.000000000000000]
  T_cn_cnm1:
    [1,   0,   0,  -0.33566, 
    0,   1,   0,   0,
    0,  0,   1,  0, 
                     0,                   0,                   0,   1.000000000000000]
  camera_model: pinhole
  distortion_coeffs: [-0.3943, 0.1904, 0, 0]
  distortion_model: radtan
  intrinsics: [251.9846, 251.1993, 174.1195, 119.926]
  resolution: [346, 260]
  #timeshift_cam_imu: -0.10740378858542357
  #timeshift_cam_imu: 0

