# euroc yaml file

cam0:
  T_cam_imu:
    [0.9998698145365037, -0.006122574459816224, 0.014928766215645779, 0.04356622890941122,
    0.014809180352380559, -0.0191330654913891, -0.9997072641439556, -0.02204373277280234,
    0.006406415224450121, 0.9997981995817385, -0.01903990433499364, -0.25281966654391087,
    0,0,0, 1.000000000000000]
  camera_model: pinhole
  distortion_coeffs: [-0.146017223858946, 0.082234840924577, 0, 0]
  distortion_model: radtan
  intrinsics: [1068.42870237679, 1064.36748532345, 953.624929519216, 607.201198303378]
  #intrinsics: [1080.32383527149, 1076.51917189926, 985.521195497639, 593.210064278479]
  resolution: [1920, 1200]
  #timeshift_cam_imu: 0.026
  timeshift_cam_imu: -0.02
cam1:
  # T_cam_imu:
  #   [1, 0, 0, 0.3,
  #   0, 0, 1, 0.09334084007407046,
  #    0, -1,0, -0.03521256998361518,
  #                    0,                   0,                   0,   1.000000000000000]
  T_cn_cnm1:
    [0.99999888725,0.004930473856945109768,0.0011537429640636109307,  -0.33566, 
    -0.001949935690376853818,0.99999953921291101448,0.000692649925274048101,   0,
    -0.0011535846365192183327,-0.0001703642365981837909,0.9999993206823955896,  0, 
                     0,                   0,                   0,   1.000000000000000]
  camera_model: pinhole
  distortion_coeffs: [-0.151037205816726, 0.0903438899916861, 0, 0]
  distortion_model: radtan
  intrinsics: [1080.32383527149, 1076.51917189926, 985.521195497639, 593.210064278479]
  resolution: [1920, 1200]
  #timeshift_cam_imu: -0.10740378858542357
  #timeshift_cam_imu: 0

