cam0:
  T_imu_cam0:
    [0.99995849,0.00879975,-0.00236422,-0.00642572,
    -0.00879519,0.99995946,0.00193173,-0.0024181,
    0.00238112,-0.00191086,0.99999534,0.02256212,
    0,0,0,1]
  T_cam_imu:
    [0.99995849,-0.00879519,0.00238112,0.00635046,
    0.00879975,0.99995946,-0.00191086,0.00251766,
    -0.00236422,0.00193173,0.99999534,-0.02257254,
    0,0,0,1,]
  camera_model: pinhole
  distortion_coeffs: [0, 0, 0, 0]
  distortion_model: radtan
  intrinsics: [385.5, 385.5, 322.156921386, 237.79968261]
  resolution: [640, 480]
  timeshift_cam_imu: -0.0058871340902941875
cam1:
  T_cam_imu:
    [0.999963,-0.00784369,0.00353304,-0.04416893,
    0.00784988,0.99996767,-0.00174385,0.00286944,
    -0.00351925,0.00177152,0.99999224,-0.02257315,
    0,0,0,1]
  T_cn_cnm1:
    [0.9999988872574452296,0.00094930473856945109768,0.0011537429640636109307,-0.050495730627856913258,
    -0.00094949935690376853818,0.99999953921291101448,0.0001692649925274048101,0.0003616272357117886454,
    -0.0011535846365192183327,-0.0001703642365981837909,0.9999993206823955896,0.000007122344611470414,
    0.0, 0.0, 0.0, 1.0]
  camera_model: pinhole
  distortion_coeffs: [0, 0, 0, 0]
  distortion_model: radtan
  intrinsics: [385.5, 385.5, 322.156921386, 237.79968261]
  resolution: [640, 480]
  timeshift_cam_imu: -0.005930371478959841

